Generation key : 2 15 20 22 36 43 - 30 freq
Generation key : 4 10 16 29 30 43 - 30 freq
Generation key : 13 20 22 26 30 39 - 29 freq
Generation key : 9 19 22 27 35 45 - 29 freq
Generation key : 1 9 12 20 37 41 - 29 freq
Generation key : 9 22 24 33 34 44 - 29 freq
Generation key : 4 8 17 19 30 31 - 29 freq
Generation key : 10 17 25 32 34 40 - 28 freq
Generation key : 6 9 11 17 31 43 - 28 freq
Generation key : 4 17 24 25 26 31 - 28 freq
Generation key : 6 18 20 32 42 45 - 28 freq
Generation key : 6 12 23 24 36 40 - 28 freq
Generation key : 4 7 32 34 35 45 - 28 freq
Generation key : 1 2 15 17 28 42 - 28 freq
Generation key : 8 9 15 32 42 43 - 28 freq
[(37, 10672313), (41, 10672224), (26, 10672047), (27, 10671716), (2, 10671060), (36, 10670973), (43, 10670268), (16, 10669872), (31, 10669789), (17, 10669406), (20, 10669066), (28, 10669057), (10, 10668827), (9, 10668700), (7, 10668314), (15, 10668279), (3, 10668039), (8, 10667837), (32, 10667754), (38, 10667467), (33, 10667411), (1, 10667381), (18, 10666573), (21, 10666464), (22, 10666017), (25, 10665841), (42, 10665794), (12, 10665725), (34, 10665459), (44, 10665378), (45, 10664734), (5, 10664626), (13, 10664528), (24, 10664026), (14, 10663812), (35, 10663584), (23, 10663277), (19, 10662932), (4, 10662883), (6, 10662701), (39, 10662651), (40, 10662332), (11, 10661907), (29, 10661174), (30, 10659782), (0, 0)]
